19
0 -3.16645 0.01 1.3439
1 -0.662746 0.01 1.67527
2 0.294553 0.01 0.0165685
3 2.17232 0.01 0.239324
4 3.46098 0.01 -0.0184104
5 3.3505 0.01 -2.33799
6 5.44917 0.01 -2.48526
7 5.78047 0.01 -5.87251
8 1.28864 0.01 -5.98297
9 -2.17229 0.01 -4.28935
10 -2.65096 0.01 -0.386599
11 -6.55382 0.01 1.63845
12 -6.99575 0.01 6.05685
13 -0.368196 0.01 6.24095
14 0.773211 0.01 4.47357
15 3.93969 0.01 4.65767
16 7.47429 0.01 1.30708
17 4.27103 0.01 1.56481
18 7.65829 0.01 -2.33799
25
8 7 4.49319
7 6 3.40342
6 18 2.21403
18 16 3.64971
7 18 4.00239
16 17 3.21361
15 17 3.11056
16 15 4.8703
4 17 1.77842
4 5 2.32221
5 6 2.10383
4 3 1.31418
2 3 1.87921
2 1 1.78753
2 10 2.99685
10 0 1.80564
0 1 2.52554
1 14 3.14523
14 15 3.17183
14 13 2.10391
13 12 6.63011
12 11 4.44044
11 0 3.40015
10 9 3.932
9 8 3.8531
